Dataset Statistics - alagamento
==================================================

Total samples: 2904
Positive samples (claims): 1050
Negative samples (no claims): 1854
Claim rate: 36.2%

Feature statistics:
       temperatura_atual  temperatura_maxima  temperatura_minima  umidade_relativa  pressao_atmosferica  velocidade_vento  direcao_vento  precipitacao_mm  visibilidade  cobertura_nuvens    indice_uv  sensacao_termica  ponto_orvalho          mes     hora_dia  ano_construcao  idade_imovel  valor_segurado  risco_construcao  sinistro_ocorreu  claim_probability  temperatura_diferencial  gradiente_pressao_24h  precipitacao_24h  precipitacao_7dias
count        2904.000000         2904.000000         2904.000000       2904.000000          2904.000000       2904.000000    2904.000000       2904.00000   2904.000000       2904.000000  2904.000000       2904.000000    2904.000000  2904.000000  2904.000000     2904.000000   2904.000000    2.904000e+03       2904.000000       2904.000000        2904.000000              2904.000000            2904.000000       2904.000000         2904.000000
mean           22.178891           24.667011           18.181508         78.654683          1010.136880          9.965771     180.294353         44.86188   9864.787879         67.007507     4.230131         22.637156      17.910606     6.532713    11.435262     1997.793388     27.206612    3.137665e+05          0.584246          0.361570           0.435223                 6.485503              -1.829478         93.107775          419.136479
std             9.639848            9.730355            9.922763         19.550984             7.274708          6.189304     103.297381         49.01731   2914.690972         34.850111     2.804723          9.728973       7.836839     3.434586     6.971074       14.893884     14.893884    3.191023e+05          0.192408          0.480538           0.243128                 2.724877               8.022897        107.192002          522.809879
min            -3.800000           -2.400000           -8.300000         30.000000           986.400000          0.000000       0.100000          0.00000   5000.000000         10.100000     0.000000         -4.500000      -5.900000     1.000000     0.000000     1970.000000      2.000000    5.000656e+04          0.150000          0.000000           0.180000                 0.100000             -26.314025          0.000000            0.000000
25%            15.000000           17.500000           10.800000         66.900000          1005.100000          5.000000      90.975000          0.00000   7306.000000         32.175000     1.975000         15.575000      12.600000     4.000000     5.000000     1985.750000     15.000000    1.103246e+05          0.400000          0.000000           0.300000                 4.400000              -7.398768          0.000000            0.000000
50%            22.000000           24.300000           17.900000         80.250000          1010.750000          9.100000     179.100000         28.20000   9774.500000         86.650000     4.100000         22.500000      17.800000     7.000000    11.000000     1998.000000     27.000000    2.168838e+05          0.600000          0.000000           0.300000                 6.600000              -1.745381         56.026460          216.329882
75%            29.000000           31.600000           25.125000         95.000000          1015.800000         13.500000     269.500000         85.10000  12355.250000        100.000000     6.200000         29.500000      23.400000     9.000000    17.000000     2010.000000     39.250000    3.760635e+05          0.700000          1.000000           0.720000                 8.500000               3.706288        167.563016          725.080786
max            47.100000           49.800000           46.700000        100.000000          1025.000000         39.000000     359.700000        149.90000  14998.000000        100.000000    12.000000         48.600000      39.400000    12.000000    23.000000     2023.000000     55.000000    1.992180e+06          0.900000          1.000000           0.936000                13.000000              26.058577        432.450368         2855.845697