Dataset Statistics - danos_eletricos
==================================================

Total samples: 2804
Positive samples (claims): 1050
Negative samples (no claims): 1754
Claim rate: 37.4%

Feature statistics:
       temperatura_atual  temperatura_maxima  temperatura_minima  umidade_relativa  pressao_atmosferica  velocidade_vento  direcao_vento  precipitacao_mm  visibilidade  cobertura_nuvens    indice_uv  sensacao_termica  ponto_orvalho          mes     hora_dia  ano_construcao  idade_imovel  valor_segurado  risco_construcao  sinistro_ocorreu  claim_probability  temperatura_diferencial  gradiente_pressao_24h  precipitacao_24h  precipitacao_7dias
count        2804.000000         2804.000000         2804.000000       2804.000000          2804.000000       2804.000000    2804.000000      2804.000000   2804.000000       2804.000000  2804.000000       2804.000000    2804.000000  2804.000000  2804.000000     2804.000000   2804.000000    2.804000e+03       2804.000000       2804.000000        2804.000000              2804.000000            2804.000000       2804.000000         2804.000000
mean           22.452389           24.912732           18.454244         76.225214          1007.712803         27.919365     183.281669        21.770328   9931.842725         62.867118     4.332917         23.007882      17.698110     6.499287    11.492511     1998.329529     26.670471    3.269315e+05          0.574519          0.374465           0.445840                 6.458488              -2.023691         45.369528          204.319690
std             9.758029            9.856359           10.001603         19.840037            10.404694         26.064211     104.062548        23.538386   2868.180531         33.407584     2.824931          9.834883       7.531658     3.477105     6.929924       15.230978     15.230978    3.291868e+05          0.196542          0.484071           0.261255                 2.714785               8.040980         51.853165          253.748841
min            -1.600000           -0.100000           -8.100000         30.000000           976.400000          0.000000       0.300000         0.000000   5006.000000         10.000000     0.000000         -2.900000      -4.300000     1.000000     0.000000     1970.000000      2.000000    5.001116e+04          0.150000          0.000000           0.300000                 0.200000             -28.540329          0.000000            0.000000
25%            15.300000           17.700000           11.400000         62.100000           999.900000          7.100000      90.475000         0.000000   7453.500000         31.800000     2.100000         15.900000      12.600000     4.000000     5.000000     1986.000000     13.000000    1.127083e+05          0.400000          0.000000           0.300000                 4.400000              -7.566375          0.000000            0.000000
50%            22.300000           24.700000           18.200000         80.000000          1010.500000         13.900000     184.400000        19.250000   9947.000000         61.900000     4.200000         22.800000      17.800000     7.000000    11.000000     1999.000000     26.000000    2.233105e+05          0.600000          0.000000           0.300000                 6.500000              -2.072005         33.788942          124.167217
75%            29.200000           31.900000           25.600000         93.425000          1016.000000         53.400000     273.200000        40.950000  12349.500000        100.000000     6.400000         30.000000      23.200000    10.000000    18.000000     2012.000000     39.000000    3.916823e+05          0.700000          1.000000           0.390000                 8.400000               3.393502         81.260374          346.107151
max            46.400000           50.100000           45.500000        100.000000          1025.000000         80.000000     359.500000        99.200000  14998.000000        100.000000    12.000000         48.900000      38.900000    12.000000    23.000000     2023.000000     55.000000    1.988925e+06          0.900000          1.000000           0.950000                13.000000              23.826699        277.806607         1594.267006