Dataset Statistics - granizo
==================================================

Total samples: 2773
Positive samples (claims): 823
Negative samples (no claims): 1950
Claim rate: 29.7%

Feature statistics:
       temperatura_atual  temperatura_maxima  temperatura_minima  umidade_relativa  pressao_atmosferica  velocidade_vento  direcao_vento  precipitacao_mm  visibilidade  cobertura_nuvens    indice_uv  sensacao_termica  ponto_orvalho          mes     hora_dia  ano_construcao  idade_imovel  valor_segurado  risco_construcao  sinistro_ocorreu  claim_probability  temperatura_diferencial  gradiente_pressao_24h  precipitacao_24h  precipitacao_7dias
count        2773.000000         2773.000000         2773.000000       2773.000000          2773.000000       2773.000000    2773.000000      2773.000000   2773.000000       2773.000000  2773.000000       2773.000000    2773.000000  2773.000000  2773.000000     2773.000000   2773.000000    2.773000e+03       2773.000000       2773.000000        2773.000000              2773.000000            2773.000000       2773.000000         2773.000000
mean           25.909052           28.424198           21.863325         78.298233          1004.969059         25.875478     179.903282        20.377533  10039.877750         63.315795     5.329931         26.418067      21.568410     6.474216    11.441399     1998.227912     26.772088    3.250216e+05          0.579697          0.296790           0.118765                 6.560873              -1.994404         43.075963          197.487819
std            10.717619           10.841817           10.900731         19.797217            12.500170         21.691753     104.391397        21.269238   2888.409743         32.187822     3.128380         10.812377       9.927097     3.430794     6.915219       15.135606     15.135606    3.350321e+05          0.194325          0.456926           0.027843                 2.739792               8.072292         48.072963          240.904301
min            -1.600000           -0.200000           -8.500000         30.000000           970.100000          0.000000       0.000000         0.000000   5001.000000         10.000000     0.000000         -2.000000      -5.500000     1.000000     0.000000     1970.000000      2.000000    5.000435e+04          0.150000          0.000000           0.080000                 0.100000             -30.529388          0.000000            0.000000
25%            18.100000           20.700000           14.100000         65.600000           993.700000          7.800000      89.300000         0.000000   7516.000000         32.800000     2.900000         18.400000      14.700000     3.000000     5.000000     1985.000000     14.000000    1.132218e+05          0.400000          0.000000           0.104000                 4.500000              -7.478856          0.000000            0.000000
50%            25.800000           28.300000           21.800000         80.300000          1009.000000         15.500000     180.000000        19.900000  10076.000000         67.400000     5.300000         26.200000      21.300000     6.000000    11.000000     1999.000000     26.000000    2.240405e+05          0.600000          0.000000           0.120000                 6.600000              -1.885282         36.907480          137.457529
75%            33.800000           36.300000           29.700000         95.000000          1015.400000         44.600000     269.300000        35.800000  12566.000000        100.000000     7.600000         34.400000      28.200000    10.000000    17.000000     2011.000000     40.000000    3.835558e+05          0.750000          1.000000           0.156000                 8.600000               3.469074         72.398319          322.622552
max            56.500000           60.400000           55.100000        100.000000          1025.000000         70.000000     359.800000        99.800000  14999.000000        100.000000    12.000000         58.200000      47.300000    12.000000    23.000000     2023.000000     55.000000    1.994356e+06          0.900000          1.000000           0.156000                13.000000              25.127378        291.425040         1820.458699