Dataset Statistics - vendaval
==================================================

Total samples: 2997
Positive samples (claims): 1047
Negative samples (no claims): 1950
Claim rate: 34.9%

Feature statistics:
       temperatura_atual  temperatura_maxima  temperatura_minima  umidade_relativa  pressao_atmosferica  velocidade_vento  direcao_vento  precipitacao_mm  visibilidade  cobertura_nuvens    indice_uv  sensacao_termica  ponto_orvalho          mes     hora_dia  ano_construcao  idade_imovel  valor_segurado  risco_construcao  sinistro_ocorreu  claim_probability  temperatura_diferencial  gradiente_pressao_24h  precipitacao_24h  precipitacao_7dias
count        2997.000000         2997.000000         2997.000000       2997.000000          2997.000000       2997.000000    2997.000000      2997.000000   2997.000000       2997.000000  2997.000000       2997.000000    2997.000000  2997.000000  2997.000000     2997.000000   2997.000000    2.997000e+03       2997.000000       2997.000000        2997.000000              2997.000000            2997.000000       2997.000000         2997.000000
mean           22.254855           24.737337           18.277978         69.821688          1002.234368         40.986420     179.146446        11.003704  10014.877878         46.065599     4.259226         22.733867      16.218385     6.539873    11.643644     1997.617284     27.382716    3.192137e+05          0.581164          0.349349           0.339983                 6.459359              -2.019408         23.173274          102.351451
std             9.720107            9.801000            9.920999         18.785486            15.868969         40.632794     103.402006        20.539593   2893.619126         29.230779     2.818415          9.823807       7.105089     3.431111     6.991302       15.133099     15.133099    3.188669e+05          0.193976          0.476844           0.119464                 2.706048               7.997293         45.003558          213.316427
min            -3.500000           -1.500000           -8.300000         30.000000           960.700000          0.000000       0.300000         0.000000   5000.000000         10.000000     0.000000         -4.800000      -4.500000     1.000000     0.000000     1970.000000      2.000000    5.014415e+04          0.150000          0.000000           0.300000                 0.200000             -29.139758          0.000000            0.000000
25%            15.000000           17.700000           11.100000         54.200000           986.900000          7.700000      88.700000         0.000000   7475.000000         23.700000     1.900000         15.500000      11.300000     4.000000     6.000000     1985.000000     14.000000    1.107378e+05          0.400000          0.000000           0.300000                 4.500000              -7.288271          0.000000            0.000000
50%            21.900000           24.500000           18.200000         76.100000          1009.200000         15.400000     179.400000         0.000000  10059.000000         37.500000     4.000000         22.300000      16.500000     7.000000    12.000000     1998.000000     27.000000    2.195610e+05          0.600000          0.000000           0.300000                 6.400000              -2.140167          0.000000            0.000000
75%            29.200000           31.900000           25.300000         85.500000          1015.500000         81.000000     269.600000        16.200000  12473.000000         62.000000     6.300000         29.800000      21.700000     9.000000    18.000000     2011.000000     40.000000    3.828932e+05          0.700000          1.000000           0.300000                 8.500000               3.186925         32.829874          126.727482
max            45.300000           49.800000           43.800000         95.000000          1024.900000        120.000000     359.800000        99.900000  15000.000000        100.000000    11.400000         46.400000      33.000000    12.000000    23.000000     2023.000000     55.000000    1.999105e+06          0.900000          1.000000           0.950000                12.900000              27.613519        288.118857         1878.034480